1 1 10.00 rent 01 01 2024
1 2 10.00 utility 01 01 2024
2 3 20.00 grocery 02 01 2024
2 4 20.00 leisure 02 01 2024
3 5 30.00 stationary 03 01 2024
3 6 30.00 rent 04 01 2024 
4 7 40.00 utility 04 01 2024
4 8 40.00 grocery 04 01 2024
5 9 50.00 leisure 04 01 2024
5 10 50.00 stationary 04 01 2024
6 11 60.00 rent 04 01 2024
6 12 60.00 utility 04 01 2024
7 13 70.00 grocery 04 01 2024
7 14 70.00 leisure 04 01 2024
8 15 80.00 stationary 04 01 2024
8 16 80.00 rent 04 01 2024
9 17 90.00 utility 04 01 2024
9 18 90.00 grocery 04 01 2024
10 19 100.00 leisure 04 01 2024
10 20 100.00 stationary 04 01 2024
11 21 110.00 rent 04 01 2024
11 22 110.00 utility 04 01 2024
12 23 120.00 grocery 04 01 2024
12 24 120.00 leisure 04 01 2024
13 25 130.00 stationary 04 01 2024
13 26 130.00 rent 04 01 2024
14 27 140.00 utility 04 01 2024
14 28 140.00 grocery 04 01 2024
15 29 150.00 leisure 04 01 2024
15 30 150.00 stationary 04 01 2024
16 31 160.00 rent 04 01 2024
17 32 170.00 utility 04 01 2024
18 33 180.00 grocery 04 01 2024
19 34 190.00 leisure 04 01 2024
20 35 200.00 stationary 04 01 2024
21 36 210.00 rent 04 01 2024
22 37 220.00 utility 04 01 2024
23 38 230.00 grocery 04 01 2024
24 39 240.00 leisure 04 01 2024 
25 40 250.00 stationary 04 01 2024